Nodes:
1: (110.344280,1.557490)
2: (110.347520,1.557280)
3: (110.343400,1.558780)
4: (110.343800,1.557000)
5: (110.344830,1.557120)
6: (110.344010,1.556440)
7: (110.344550,1.556650)
8: (110.342700,1.557200)
9: (110.344980,1.558020)
10: (110.345200,1.557010)

Landmarks:
1: Kuching Waterfront
2: Darul Hana Bridge
3: Grand Margherita Hotel
4: Kuching Esplanade
5: Tua Pek Kong Temple
6: Carpenter Street Entrance
7: Plaza Merdeka Entrance
8: Jalan Padungan Arch
9: Riverside Majestic Hotel
10: Jalan Main Bazaar

Edges:
(1,2): 0.006015
(1,3): 0.002894
(1,4): 0.001271
(1,5): 0.001228
(2,1): 0.006015
(2,9): 0.004901
(2,10): 0.004327
(3,1): 0.002894
(3,8): 0.003202
(3,9): 0.003248
(4,1): 0.001271
(4,5): 0.001921
(4,6): 0.001108
(5,1): 0.001228
(5,4): 0.001921
(5,6): 0.001974
(5,10): 0.000715
(6,4): 0.001108
(6,5): 0.001974
(6,7): 0.001073
(6,10): 0.002445
(7,6): 0.001073
(7,8): 0.003576
(8,3): 0.003202
(8,7): 0.003576
(9,2): 0.004901
(9,3): 0.003248
(9,10): 0.001916
(10,2): 0.004327
(10,5): 0.000715
(10,6): 0.002445
(10,9): 0.001916

Origin:
1

Destinations:
7;10

