Nodes:
1: (110.348308,1.554222)
2: (110.348763,1.558143)
3: (110.345238,1.560806)
4: (110.344658,1.560777)
5: (110.342747,1.560870)
6: (110.341318,1.560164)
7: (110.349216,1.557404)
8: (110.347095,1.558661)
9: (110.348282,1.557835)
10: (110.348091,1.554674)
11: (110.347915,1.556201)
12: (110.348235,1.556158)
13: (110.348418,1.555750)
14: (110.348649,1.556056)
15: (110.348825,1.556298)
16: (110.348849,1.554363)
17: (110.342677,1.554579)
18: (110.343021,1.556031)
19: (110.343197,1.557352)
20: (110.343643,1.558074)
21: (110.343501,1.555993)
22: (110.342707,1.554290)
23: (110.345529,1.559702)
24: (110.345086,1.558815)
25: (110.342529,1.558724)
26: (110.345909,1.558293)
27: (110.346873,1.557987)
28: (110.341500,1.559202)
29: (110.341659,1.559311)
30: (110.342577,1.559910)
31: (110.345469,1.559902)
32: (110.342931,1.558512)
33: (110.346172,1.560149)
34: (110.346436,1.559759)
35: (110.347314,1.558952)
36: (110.346385,1.559880)
37: (110.339802,1.557811)
38: (110.339116,1.557698)
39: (110.349127,1.557993)
40: (110.348970,1.558042)
41: (110.342135,1.558242)
42: (110.340511,1.557894)
43: (110.341436,1.559975)
44: (110.341429,1.559145)
45: (110.342497,1.558509)
46: (110.343024,1.560704)
47: (110.342161,1.560739)
48: (110.344761,1.560751)
49: (110.341593,1.560294)
50: (110.342750,1.560613)
51: (110.343009,1.560822)
52: (110.346452,1.554471)
53: (110.346913,1.554929)
54: (110.345119,1.560803)
55: (110.343005,1.560908)
56: (110.347212,1.555292)
57: (110.344990,1.560730)
58: (110.344598,1.557828)
59: (110.343942,1.556702)
60: (110.344153,1.560774)
61: (110.344947,1.560673)
62: (110.346461,1.559122)
63: (110.346050,1.557694)
64: (110.341544,1.560479)
65: (110.344040,1.560766)
66: (110.344437,1.560784)
67: (110.343014,1.560718)
68: (110.347251,1.555359)
69: (110.344010,1.560764)
70: (110.344546,1.560784)
71: (110.345060,1.560779)
72: (110.344512,1.557630)
73: (110.344158,1.557049)
74: (110.345825,1.555784)
75: (110.343971,1.560762)
76: (110.345402,1.557540)
77: (110.345711,1.557519)
78: (110.342237,1.560594)
79: (110.341501,1.557095)
80: (110.349088,1.556642)
81: (110.341062,1.555236)
82: (110.343126,1.555098)
83: (110.342710,1.555330)
84: (110.341873,1.556256)
85: (110.341331,1.556447)
86: (110.343437,1.559686)
87: (110.343541,1.560168)
88: (110.345573,1.556013)
89: (110.345859,1.556755)
90: (110.348091,1.557636)
91: (110.349124,1.557891)
92: (110.345496,1.560596)
93: (110.344927,1.560575)
94: (110.345391,1.560668)
95: (110.344875,1.560326)
96: (110.342836,1.560346)
97: (110.344095,1.560454)
98: (110.342437,1.559853)
99: (110.341974,1.559537)
100: (110.342422,1.558829)
101: (110.343589,1.557988)
102: (110.341969,1.558024)
103: (110.341091,1.557399)
104: (110.341728,1.557512)
105: (110.341362,1.557424)
106: (110.340801,1.557762)
107: (110.340881,1.558062)
108: (110.342559,1.559493)
109: (110.342182,1.559221)
110: (110.342334,1.558375)
111: (110.341735,1.559361)
112: (110.343515,1.560421)
113: (110.348820,1.557442)
114: (110.348084,1.556392)
115: (110.347997,1.557496)
116: (110.347831,1.556524)
117: (110.347579,1.555720)
118: (110.347880,1.557176)
119: (110.347942,1.557343)
120: (110.348374,1.557985)
121: (110.348611,1.557065)
122: (110.348520,1.556940)
123: (110.348337,1.557315)
124: (110.348199,1.557140)
125: (110.347547,1.555381)
126: (110.347640,1.555156)
127: (110.347847,1.555031)
128: (110.347339,1.555274)
129: (110.347677,1.555295)
130: (110.347790,1.555336)
131: (110.347746,1.555444)
132: (110.347639,1.555406)
133: (110.348699,1.557172)
134: (110.348394,1.554233)
135: (110.348122,1.556441)
136: (110.346276,1.557700)
137: (110.347512,1.557425)
138: (110.346050,1.557853)
139: (110.339454,1.555520)
140: (110.340431,1.555275)
141: (110.341035,1.555123)
142: (110.340460,1.555385)
143: (110.339024,1.554071)
144: (110.339162,1.554643)
145: (110.343353,1.557606)
146: (110.342784,1.558072)
147: (110.342971,1.558365)
148: (110.343218,1.557391)
149: (110.343538,1.560421)
150: (110.343371,1.555770)
151: (110.347754,1.555743)
152: (110.348502,1.555866)
153: (110.349041,1.556596)
154: (110.348625,1.556941)
155: (110.348829,1.557052)
156: (110.348177,1.556311)
157: (110.349061,1.555791)
158: (110.348881,1.556381)
159: (110.348899,1.555576)
160: (110.342562,1.554147)
161: (110.343261,1.560225)
162: (110.343226,1.560048)
163: (110.343505,1.559991)
164: (110.343467,1.560486)
165: (110.344813,1.560430)
166: (110.344134,1.560537)
167: (110.344565,1.559867)
168: (110.342629,1.559981)
169: (110.342871,1.560078)
170: (110.343952,1.560024)
171: (110.343059,1.560051)
172: (110.342809,1.559901)
173: (110.343160,1.560024)
174: (110.343944,1.559911)
175: (110.344332,1.559956)
176: (110.343761,1.559925)
177: (110.344153,1.560056)
178: (110.344363,1.559391)
179: (110.342890,1.559759)
180: (110.342584,1.559853)
181: (110.347939,1.554995)
182: (110.348447,1.557774)
183: (110.348608,1.557514)
184: (110.348708,1.557319)
185: (110.339399,1.555737)
186: (110.339191,1.554982)
187: (110.339080,1.555828)
188: (110.339509,1.556332)
189: (110.339414,1.556422)
190: (110.339835,1.556213)
191: (110.339541,1.556310)
192: (110.339303,1.556110)
193: (110.339688,1.555651)
194: (110.339152,1.555816)
195: (110.339381,1.554662)
196: (110.339241,1.554974)
197: (110.339940,1.555513)
198: (110.339955,1.555578)
199: (110.340085,1.556131)
200: (110.344254,1.559290)
201: (110.343357,1.559611)
202: (110.343295,1.559641)
203: (110.342957,1.559745)
204: (110.343325,1.559629)
205: (110.343210,1.558333)
206: (110.343099,1.557112)
207: (110.343017,1.557162)
208: (110.342596,1.557689)
209: (110.339421,1.556535)
210: (110.339225,1.556528)
211: (110.339308,1.556420)
212: (110.346513,1.554512)
213: (110.346457,1.554379)
214: (110.339084,1.557303)
215: (110.339003,1.557669)
216: (110.339303,1.557288)
217: (110.339312,1.557741)
218: (110.339135,1.558426)
219: (110.339762,1.557997)
220: (110.340292,1.558347)
221: (110.346834,1.557295)
222: (110.345705,1.555648)
223: (110.345602,1.555895)
224: (110.344946,1.554704)
225: (110.346253,1.554503)
226: (110.343682,1.554854)
227: (110.343027,1.554140)
228: (110.342808,1.554241)
229: (110.341266,1.554914)
230: (110.341001,1.554980)
231: (110.342756,1.555223)
232: (110.342821,1.555347)
233: (110.341402,1.555609)
234: (110.341137,1.555574)
235: (110.342942,1.555930)
236: (110.343189,1.556180)
237: (110.345127,1.556484)
238: (110.344573,1.556569)
239: (110.345263,1.556702)
240: (110.344685,1.556781)
241: (110.348863,1.557011)
242: (110.344692,1.556994)
243: (110.348961,1.557242)
244: (110.344782,1.557282)
245: (110.344650,1.557358)
246: (110.344440,1.557486)
247: (110.341041,1.557942)
248: (110.343912,1.558312)
249: (110.340910,1.558846)
250: (110.340390,1.559211)
251: (110.342959,1.560615)
252: (110.342433,1.560887)
253: (110.343216,1.561004)
254: (110.343746,1.560781)
255: (110.343862,1.561105)
256: (110.343051,1.557140)
257: (110.342577,1.557656)
258: (110.341799,1.558781)
259: (110.341870,1.558828)
260: (110.341779,1.558967)
261: (110.340063,1.557841)
262: (110.344856,1.558976)
263: (110.342493,1.559883)
264: (110.342337,1.560304)
265: (110.340937,1.558115)
266: (110.340805,1.558343)
267: (110.340551,1.557899)
268: (110.341070,1.556572)
269: (110.341223,1.556540)
270: (110.341346,1.556516)
271: (110.341439,1.556898)
272: (110.341384,1.556682)
273: (110.341269,1.556166)
274: (110.339792,1.556981)
275: (110.339204,1.556906)
276: (110.340090,1.557699)
277: (110.339694,1.557670)
278: (110.339690,1.557798)
279: (110.339845,1.556867)
280: (110.339631,1.557792)
281: (110.344516,1.556513)
282: (110.342666,1.557488)
283: (110.342222,1.557887)
284: (110.341955,1.557759)
285: (110.342186,1.557814)
286: (110.342126,1.557699)
287: (110.342210,1.557861)
288: (110.342082,1.557089)
289: (110.342479,1.557720)
290: (110.342495,1.557749)
291: (110.344845,1.556320)
292: (110.346556,1.556502)
293: (110.346467,1.556723)
294: (110.346571,1.556655)
295: (110.345450,1.556729)
296: (110.344725,1.557089)
297: (110.345773,1.556532)
298: (110.345676,1.556949)
299: (110.345907,1.556823)
300: (110.348455,1.554224)
301: (110.345286,1.557694)
302: (110.344977,1.557699)
303: (110.348107,1.556218)
304: (110.349253,1.557322)
305: (110.349420,1.556488)
306: (110.349359,1.556518)
307: (110.348475,1.554174)
308: (110.344702,1.554662)
309: (110.345056,1.554581)
310: (110.345274,1.554857)
311: (110.348079,1.555248)
312: (110.348277,1.555340)
313: (110.346705,1.555231)
314: (110.346633,1.555497)
315: (110.346995,1.555452)
316: (110.346704,1.555558)
317: (110.347152,1.554993)
318: (110.347015,1.554831)
319: (110.347105,1.554740)
320: (110.341594,1.554332)
321: (110.342126,1.554601)
322: (110.342599,1.554274)
323: (110.340915,1.554615)
324: (110.341128,1.554556)
325: (110.341636,1.554743)
326: (110.340699,1.554306)
327: (110.340834,1.554272)
328: (110.340747,1.555518)
329: (110.341107,1.555439)
330: (110.340912,1.555625)
331: (110.340328,1.554883)
332: (110.340209,1.554918)
333: (110.340280,1.555186)
334: (110.339969,1.554572)
335: (110.340162,1.554739)
336: (110.340280,1.554702)
337: (110.341158,1.554673)
338: (110.340942,1.554727)
339: (110.340741,1.554556)
340: (110.340877,1.555020)
341: (110.340892,1.554517)
342: (110.340134,1.554152)
343: (110.340069,1.554289)
344: (110.339480,1.554420)
345: (110.339523,1.554579)
346: (110.340203,1.554413)
347: (110.339319,1.555005)
348: (110.348651,1.557112)
349: (110.340814,1.557646)
350: (110.344185,1.558937)
351: (110.345595,1.560912)
352: (110.345555,1.560969)
353: (110.345271,1.554899)
354: (110.345318,1.554753)
355: (110.342874,1.556012)
356: (110.342480,1.555798)
357: (110.346119,1.558171)
358: (110.342457,1.560584)
359: (110.342486,1.560498)
360: (110.342508,1.560344)
361: (110.345238,1.559126)
362: (110.345021,1.559286)
363: (110.344977,1.554725)
364: (110.349434,1.557951)
365: (110.348337,1.558410)
366: (110.348013,1.558576)
367: (110.347592,1.558787)
368: (110.347178,1.559053)
369: (110.346839,1.559314)
370: (110.346600,1.559505)
371: (110.346513,1.559584)
372: (110.346477,1.559641)
373: (110.346303,1.560004)
374: (110.345888,1.560406)
375: (110.345556,1.560676)
376: (110.345401,1.560795)
377: (110.345347,1.560810)
378: (110.344115,1.560770)
379: (110.344084,1.560769)
380: (110.346233,1.560083)
381: (110.346050,1.560291)
382: (110.346131,1.560183)
383: (110.346056,1.560247)
384: (110.346050,1.560256)
385: (110.346047,1.560265)
386: (110.346047,1.560271)
387: (110.346049,1.560279)
388: (110.346051,1.560287)
389: (110.346047,1.560296)
390: (110.342471,1.560586)
391: (110.342482,1.560588)
392: (110.347782,1.558684)
393: (110.346742,1.559393)
394: (110.343444,1.560914)
395: (110.343302,1.560971)
396: (110.343444,1.560732)
397: (110.343293,1.560720)
398: (110.342769,1.560901)
399: (110.342752,1.560885)
400: (110.342764,1.560631)
401: (110.342759,1.560620)
402: (110.342251,1.560580)
403: (110.342265,1.560575)
404: (110.342196,1.560725)
405: (110.342184,1.560736)
406: (110.341550,1.560518)
407: (110.341543,1.560500)
408: (110.341600,1.560323)
409: (110.341598,1.560306)
410: (110.341556,1.560270)
411: (110.341537,1.560261)
412: (110.341922,1.555198)
413: (110.343342,1.558356)
414: (110.343301,1.558279)
415: (110.348806,1.557285)
416: (110.348764,1.557352)
417: (110.341927,1.557945)
418: (110.345136,1.560145)
419: (110.345625,1.559793)
420: (110.345982,1.560203)
421: (110.346508,1.559171)
422: (110.346642,1.559333)
423: (110.348540,1.558196)
424: (110.349084,1.557723)
425: (110.342004,1.558913)
426: (110.339208,1.555038)
427: (110.340079,1.558990)
428: (110.339931,1.559079)
429: (110.340024,1.555492)
430: (110.341836,1.556189)
431: (110.345193,1.556572)
432: (110.347146,1.555211)
433: (110.345694,1.556326)
434: (110.345623,1.556358)
435: (110.344898,1.556388)
436: (110.342569,1.559703)
437: (110.342536,1.558869)
438: (110.342728,1.558766)
439: (110.348816,1.554461)
440: (110.341746,1.556215)
441: (110.342627,1.554390)
442: (110.342428,1.554325)
443: (110.342481,1.554464)
444: (110.341150,1.555632)
445: (110.341192,1.555819)
446: (110.341475,1.555664)
447: (110.341856,1.554832)
448: (110.342428,1.554861)
449: (110.341894,1.555031)
450: (110.343503,1.554132)
451: (110.343478,1.554090)
452: (110.343580,1.554596)
453: (110.343633,1.554571)
454: (110.343296,1.555033)
455: (110.343798,1.554492)
456: (110.348892,1.557447)
457: (110.348445,1.557871)
458: (110.344599,1.558688)
459: (110.344566,1.559173)
460: (110.344458,1.559251)
461: (110.343390,1.560397)
462: (110.343373,1.560636)
463: (110.341251,1.558415)
464: (110.339168,1.557710)
465: (110.346833,1.554842)
466: (110.346725,1.554345)
467: (110.346484,1.554286)
468: (110.346903,1.554779)
469: (110.346816,1.554683)
470: (110.347030,1.554493)
471: (110.346723,1.554580)
472: (110.346896,1.554421)
473: (110.344744,1.557095)
474: (110.348826,1.557460)
475: (110.349231,1.556400)
476: (110.347905,1.555179)
477: (110.347945,1.555068)
478: (110.343440,1.555712)
479: (110.345044,1.558693)
480: (110.344883,1.558572)
481: (110.343768,1.558196)
482: (110.343971,1.558103)
483: (110.341236,1.556600)
484: (110.341326,1.556420)
485: (110.340848,1.554330)
486: (110.340876,1.554447)
487: (110.339451,1.556558)
488: (110.339037,1.556604)
489: (110.340370,1.559805)
490: (110.342713,1.558651)
491: (110.345034,1.560212)
492: (110.344197,1.559012)
493: (110.345265,1.560049)
494: (110.345098,1.559803)
495: (110.344689,1.559926)
496: (110.344881,1.558344)
497: (110.344609,1.558075)
498: (110.344787,1.558348)
499: (110.342475,1.557172)
500: (110.342821,1.556702)
501: (110.342346,1.558857)
502: (110.342373,1.558812)
503: (110.342172,1.558688)
504: (110.342145,1.558732)
505: (110.342397,1.558773)
506: (110.342196,1.558650)
507: (110.342425,1.558727)
508: (110.342224,1.558604)
509: (110.342452,1.558685)
510: (110.342251,1.558561)
511: (110.342478,1.558643)
512: (110.342278,1.558519)
513: (110.342377,1.558497)
514: (110.342341,1.558557)
515: (110.342362,1.558925)
516: (110.342388,1.558883)
517: (110.342098,1.558761)
518: (110.342124,1.558719)
519: (110.342125,1.558779)
520: (110.342101,1.558819)
521: (110.342295,1.558941)
522: (110.342319,1.558902)
523: (110.342081,1.558854)
524: (110.342275,1.558974)
525: (110.342054,1.558900)
526: (110.342245,1.559019)
527: (110.342028,1.558944)
528: (110.342219,1.559060)
529: (110.342004,1.558986)
530: (110.342193,1.559101)
531: (110.341983,1.559021)
532: (110.342171,1.559136)
533: (110.341959,1.559061)
534: (110.342143,1.559176)
535: (110.341929,1.559109)
536: (110.342113,1.559224)
537: (110.341903,1.559150)
538: (110.342087,1.559265)
539: (110.341881,1.559187)
540: (110.342062,1.559302)
541: (110.341855,1.559230)
542: (110.342034,1.559344)
543: (110.341833,1.559267)
544: (110.342010,1.559380)
545: (110.341811,1.559301)
546: (110.341986,1.559414)
547: (110.344867,1.557736)
548: (110.344717,1.558045)
549: (110.347432,1.555529)
550: (110.347577,1.555289)
551: (110.342806,1.560601)
552: (110.347591,1.555175)
553: (110.343872,1.558228)
554: (110.344327,1.559320)
555: (110.344342,1.559312)
556: (110.347921,1.557286)

Landmarks:
59: Padang Merdeka
90: Kuching Waterfront
316: Simpang Tiga Interchange
357: Carpenter Street
458: Old Courthouse Auditorium

Edges:
(1,134): 0.000242
(7,424): 0.001024
(8,62): 0.002906
(9,8): 0.005697
(9,182): 0.000712
(10,1): 0.001856
(10,134): 0.001598
(11,151): 0.001817
(12,13): 0.001325
(12,303): 0.000418
(13,12): 0.001325
(13,152): 0.000425
(13,159): 0.001989
(14,15): 0.000885
(14,152): 0.000712
(15,14): 0.000885
(15,157): 0.002107
(15,158): 0.000299
(16,439): 0.000289
(17,18): 0.004921
(17,231): 0.002083
(18,206): 0.003489
(19,148): 0.000131
(19,208): 0.002549
(20,414): 0.001476
(20,481): 0.000586
(20,492): 0.004786
(21,18): 0.001475
(21,150): 0.000767
(22,228): 0.000331
(23,361): 0.001915
(24,26): 0.002886
(24,262): 0.000784
(24,479): 0.000383
(25,45): 0.000805
(25,100): 0.000556
(26,76): 0.002692
(26,357): 0.000722
(27,8): 0.002106
(27,115): 0.003647
(28,29): 0.000715
(29,43): 0.002076
(29,111): 0.000337
(30,96): 0.001937
(30,436): 0.000766
(31,23): 0.000643
(31,419): 0.000705
(32,490): 0.000961
(37,219): 0.000528
(37,261): 0.000974
(37,278): 0.000417
(38,215): 0.000432
(38,464): 0.000198
(41,102): 0.001023
(41,258): 0.001765
(42,220): 0.001422
(42,261): 0.001671
(42,267): 0.000152
(43,264): 0.002843
(43,359): 0.005226
(44,28): 0.000336
(45,110): 0.000785
(52,213): 0.000257
(53,318): 0.000392
(53,465): 0.000327
(56,314): 0.002277
(56,432): 0.000292
(58,72): 0.000641
(58,547): 0.000791
(59,21): 0.002474
(62,23): 0.004138
(62,26): 0.002952
(63,136): 0.000630
(68,125): 0.001098
(68,549): 0.000738
(72,246): 0.000478
(73,59): 0.001212
(73,238): 0.002526
(74,222): 0.000514
(74,223): 0.000924
(76,77): 0.000875
(77,63): 0.001064
(77,138): 0.001509
(79,105): 0.001388
(79,271): 0.000768
(80,153): 0.000196
(80,241): 0.001601
(81,141): 0.000430
(81,329): 0.000770
(82,83): 0.001412
(82,228): 0.003225
(82,454): 0.000538
(82,478): 0.002418
(83,82): 0.001412
(83,231): 0.000425
(83,232): 0.000414
(84,430): 0.003811
(84,484): 0.001588
(85,270): 0.000260
(85,484): 0.000103
(86,163): 0.000926
(86,172): 0.001966
(86,178): 0.002882
(87,149): 0.000748
(87,163): 0.000535
(88,316): 0.004522
(88,433): 0.000931
(89,293): 0.001700
(89,297): 0.000664
(89,299): 0.000232
(90,9): 0.001024
(91,423): 0.001954
(91,424): 0.000510
(92,94): 0.000380
(92,418): 0.001709
(92,420): 0.001851
(93,94): 0.001609
(93,95): 0.000845
(93,462): 0.004681
(94,92): 0.000380
(94,93): 0.001609
(94,351): 0.003857
(95,93): 0.000845
(95,491): 0.000724
(96,461): 0.002061
(97,95): 0.002956
(98,263): 0.000237
(98,436): 0.000597
(99,98): 0.002077
(100,516): 0.000237
(101,20): 0.000300
(101,147): 0.002684
(102,417): 0.000331
(103,189): 0.007318
(103,349): 0.001495
(104,79): 0.001759
(104,105): 0.001431
(105,103): 0.001010
(106,107): 0.001156
(106,267): 0.001057
(107,265): 0.000286
(108,109): 0.001292
(108,437): 0.002315
(109,99): 0.001401
(110,41): 0.000884
(111,99): 0.001100
(111,425): 0.001453
(112,97): 0.002220
(112,149): 0.000085
(113,416): 0.000387
(113,456): 0.000270
(113,474): 0.000057
(114,11): 0.000947
(114,116): 0.000910
(115,90): 0.000626
(116,118): 0.002447
(117,116): 0.003260
(118,72): 0.009930
(118,556): 0.000433
(119,115): 0.000603
(120,423): 0.000798
(120,457): 0.000495
(121,122): 0.000575
(121,123): 0.001034
(122,124): 0.001052
(122,135): 0.002365
(123,90): 0.001125
(124,123): 0.000621
(124,556): 0.000879
(125,132): 0.000355
(125,549): 0.000583
(125,550): 0.000288
(126,552): 0.000157
(127,126): 0.000715
(127,129): 0.001164
(128,56): 0.000473
(129,132): 0.000435
(129,550): 0.000371
(130,129): 0.000445
(130,181): 0.001377
(131,130): 0.000434
(132,117): 0.001220
(132,131): 0.000420
(133,348): 0.000287
(134,300): 0.000171
(135,114): 0.000227
(135,156): 0.000418
(136,137): 0.003524
(137,119): 0.001228
(138,63): 0.000443
(138,357): 0.000966
(139,197): 0.001614
(140,139): 0.002800
(140,331): 0.001125
(141,81): 0.000430
(141,140): 0.001730
(141,230): 0.000546
(142,81): 0.001722
(142,140): 0.000316
(144,143): 0.001635
(144,196): 0.000944
(145,101): 0.001330
(145,146): 0.002262
(146,110): 0.001508
(147,45): 0.002010
(147,146): 0.000965
(148,145): 0.000753
(148,208): 0.001924
(149,87): 0.000748
(149,97): 0.002067
(150,22): 0.004896
(150,478): 0.000251
(151,131): 0.001199
(151,476): 0.001748
(152,13): 0.000425
(152,14): 0.000712
(153,80): 0.000196
(153,154): 0.001505
(153,158): 0.000794
(154,156): 0.002148
(155,154): 0.000695
(155,348): 0.000743
(156,12): 0.000485
(156,303): 0.000326
(157,14): 0.001365
(158,14): 0.002786
(158,15): 0.000299
(158,153): 0.000794
(159,152): 0.001366
(159,157): 0.000748
(160,322): 0.000391
(163,86): 0.000926
(163,87): 0.000535
(168,172): 0.000584
(168,180): 0.000405
(172,86): 0.001966
(172,168): 0.000584
(178,86): 0.002882
(178,554): 0.000235
(179,180): 0.000948
(179,203): 0.000204
(180,168): 0.000405
(180,179): 0.000948
(181,10): 0.001318
(182,183): 0.001133
(183,113): 0.000850
(183,184): 0.000816
(184,133): 0.000554
(184,416): 0.000192
(185,194): 0.000719
(185,426): 0.002014
(187,192): 0.000999
(188,191): 0.000108
(189,188): 0.000365
(190,193): 0.001615
(191,190): 0.000860
(191,192): 0.001293
(192,188): 0.000842
(193,185): 0.000841
(193,198): 0.000768
(194,187): 0.000204
(195,196): 0.001287
(196,186): 0.000141
(196,195): 0.001287
(197,198): 0.000185
(197,429): 0.000242
(198,199): 0.001579
(199,190): 0.000731
(199,429): 0.002051
(200,201): 0.002826
(200,554): 0.000330
(201,200): 0.002826
(201,204): 0.000109
(202,203): 0.001048
(202,204): 0.000095
(203,179): 0.000204
(203,202): 0.001048
(204,201): 0.000109
(204,202): 0.000095
(204,205): 0.003879
(205,32): 0.001228
(205,204): 0.003879
(206,19): 0.000770
(206,256): 0.000155
(207,282): 0.001469
(207,500): 0.001391
(208,290): 0.000436
(209,487): 0.000141
(210,209): 0.000545
(211,209): 0.000597
(211,210): 0.000389
(212,52): 0.000204
(212,225): 0.000849
(213,52): 0.000257
(213,467): 0.000271
(214,215): 0.001042
(215,38): 0.000432
(215,214): 0.001042
(216,464): 0.001229
(217,218): 0.001967
(217,280): 0.001198
(217,464): 0.000544
(218,217): 0.001967
(219,37): 0.000528
(219,219): 0.003125
(220,42): 0.001422
(220,427): 0.002023
(220,428): 0.002435
(221,299): 0.003330
(222,223): 0.000744
(222,353): 0.002479
(223,291): 0.003218
(224,308): 0.000688
(224,309): 0.000460
(224,363): 0.000106
(225,212): 0.000849
(226,453): 0.000886
(226,454): 0.001184
(226,478): 0.002576
(227,228): 0.000726
(228,22): 0.000331
(228,82): 0.003225
(228,227): 0.000726
(229,230): 0.000763
(229,233): 0.002013
(229,325): 0.001166
(230,141): 0.000546
(230,229): 0.000763
(230,338): 0.000960
(230,340): 0.000364
(231,17): 0.002083
(231,83): 0.000425
(231,232): 0.000414
(232,83): 0.000414
(232,231): 0.000414
(232,235): 0.002276
(233,229): 0.002013
(233,444): 0.000719
(234,329): 0.000515
(234,330): 0.000641
(234,444): 0.000220
(235,232): 0.002276
(235,236): 0.001551
(235,355): 0.000317
(236,235): 0.001551
(237,435): 0.000690
(238,240): 0.000673
(238,281): 0.000222
(238,435): 0.001377
(239,295): 0.000523
(239,431): 0.000411
(239,434): 0.001641
(240,238): 0.000673
(240,242): 0.000594
(241,155): 0.000198
(241,243): 0.001199
(242,239): 0.001782
(242,240): 0.000594
(242,296): 0.000280
(243,241): 0.001199
(244,245): 0.000452
(245,244): 0.000452
(245,246): 0.000729
(245,296): 0.000828
(246,73): 0.001542
(246,245): 0.000729
(247,266): 0.001392
(248,553): 0.000277
(249,44): 0.001669
(249,250): 0.001921
(250,249): 0.001921
(251,462): 0.001228
(251,551): 0.000454
(252,390): 0.000900
(256,207): 0.000111
(256,257): 0.002415
(256,355): 0.003629
(257,208): 0.000107
(257,256): 0.002415
(257,289): 0.000348
(258,28): 0.001435
(258,259): 0.000237
(259,258): 0.000237
(259,260): 0.000461
(259,425): 0.000441
(260,259): 0.000461
(261,37): 0.000974
(261,42): 0.001671
(261,276): 0.000402
(262,24): 0.000784
(262,458): 0.001074
(262,459): 0.000979
(263,30): 0.000326
(263,264): 0.001332
(264,263): 0.001332
(264,360): 0.000522
(265,266): 0.000731
(265,463): 0.001619
(266,247): 0.001392
(266,249): 0.001864
(266,265): 0.000731
(267,42): 0.000152
(267,107): 0.001365
(268,269): 0.000433
(269,268): 0.000433
(269,270): 0.000349
(269,483): 0.000172
(270,85): 0.000260
(270,269): 0.000349
(270,272): 0.000630
(271,79): 0.000768
(271,272): 0.000826
(272,270): 0.000630
(272,271): 0.000826
(273,85): 0.001620
(273,445): 0.001316
(273,484): 0.000966
(274,275): 0.001865
(274,279): 0.000351
(274,280): 0.002298
(275,274): 0.001865
(276,261): 0.000402
(276,277): 0.001102
(277,276): 0.001102
(277,278): 0.000355
(278,37): 0.000417
(278,280): 0.000220
(279,274): 0.000351
(279,349): 0.004639
(280,217): 0.001198
(280,274): 0.002298
(280,278): 0.000220
(281,59): 0.002400
(281,238): 0.000222
(281,291): 0.006483
(282,257): 0.000720
(282,499): 0.001025
(283,102): 0.001064
(283,287): 0.000080
(284,285): 0.000912
(285,284): 0.000912
(285,286): 0.000361
(285,287): 0.000146
(286,285): 0.000361
(287,283): 0.000080
(287,285): 0.000146
(287,289): 0.000899
(287,417): 0.000897
(288,289): 0.002074
(289,257): 0.000348
(289,287): 0.000899
(289,288): 0.002074
(289,290): 0.000091
(290,283): 0.001136
(290,289): 0.000091
(291,281): 0.001412
(292,293): 0.000662
(293,89): 0.001700
(293,292): 0.000662
(293,294): 0.000390
(294,293): 0.000390
(295,239): 0.000523
(295,297): 0.001053
(296,242): 0.000280
(296,245): 0.000828
(296,473): 0.000055
(297,89): 0.000664
(297,295): 0.001053
(297,433): 0.000614
(298,299): 0.000730
(299,89): 0.000232
(299,221): 0.003330
(299,298): 0.000730
(300,16): 0.001165
(300,307): 0.000149
(301,302): 0.001086
(302,76): 0.001261
(302,301): 0.001086
(303,11): 0.000629
(304,415): 0.001816
(305,306): 0.000189
(306,305): 0.000189
(306,475): 0.000486
(308,224): 0.000688
(308,308): 0.004037
(309,224): 0.000460
(309,354): 0.000888
(310,353): 0.000117
(310,354): 0.000315
(311,312): 0.000606
(311,476): 0.000521
(311,477): 0.000853
(312,311): 0.000606
(313,314): 0.001073
(314,74): 0.003177
(314,313): 0.001073
(315,68): 0.001010
(315,316): 0.002481
(316,315): 0.001148
(317,318): 0.000589
(318,53): 0.000392
(318,317): 0.000589
(318,319): 0.000358
(319,318): 0.000358
(320,324): 0.001718
(321,443): 0.001060
(321,447): 0.001163
(322,441): 0.000354
(322,442): 0.000496
(323,338): 0.000430
(323,341): 0.000371
(324,323): 0.000614
(324,337): 0.000337
(325,229): 0.001166
(326,327): 0.000389
(327,326): 0.000389
(327,485): 0.000221
(328,329): 0.001025
(329,81): 0.000770
(329,234): 0.000515
(329,328): 0.001025
(330,234): 0.000641
(331,140): 0.001125
(331,332): 0.000343
(331,336): 0.000522
(332,331): 0.000343
(332,333): 0.000771
(332,335): 0.000516
(333,332): 0.000771
(334,335): 0.000967
(335,332): 0.000516
(335,334): 0.000967
(335,336): 0.000343
(336,331): 0.000522
(336,335): 0.000343
(336,346): 0.000830
(337,320): 0.002736
(338,230): 0.000960
(338,323): 0.000430
(338,337): 0.000620
(339,340): 0.001342
(339,341): 0.000433
(340,339): 0.003209
(341,323): 0.000371
(341,486): 0.000265
(342,346): 0.000752
(343,344): 0.001678
(344,342): 0.002134
(344,343): 0.001678
(344,345): 0.000458
(345,344): 0.000458
(345,347): 0.001666
(346,336): 0.000830
(346,342): 0.000752
(346,345): 0.001947
(347,139): 0.001480
(347,426): 0.000321
(348,121): 0.000228
(349,106): 0.000431
(350,492): 0.000228
(351,94): 0.003857
(351,352): 0.000206
(352,351): 0.000206
(353,222): 0.002479
(353,310): 0.000117
(353,363): 0.000948
(354,309): 0.000888
(354,310): 0.000315
(355,235): 0.000317
(355,256): 0.003629
(355,356): 0.001717
(356,355): 0.001717
(357,27): 0.002300
(357,138): 0.000966
(359,43): 0.005226
(359,360): 0.000463
(359,390): 0.000264
(359,551): 0.001166
(360,96): 0.000972
(360,359): 0.000463
(361,24): 0.001026
(361,362): 0.000749
(362,361): 0.000749
(363,224): 0.000106
(363,353): 0.000948
(386,420): 0.000297
(390,252): 0.000900
(390,359): 0.000264
(412,446): 0.002272
(412,448): 0.002083
(412,449): 0.000473
(413,414): 0.000241
(414,205): 0.000392
(414,413): 0.000241
(415,133): 0.000577
(415,416): 0.000241
(416,113): 0.000387
(416,184): 0.000192
(416,415): 0.000241
(417,104): 0.001768
(417,287): 0.000897
(418,92): 0.001709
(418,493): 0.000595
(419,420): 0.001613
(419,421): 0.004003
(420,92): 0.001851
(420,386): 0.000297
(420,419): 0.001613
(420,422): 0.003294
(421,120): 0.008249
(421,422): 0.000622
(422,420): 0.003294
(422,421): 0.000622
(422,423): 0.006582
(423,91): 0.001954
(423,120): 0.000798
(423,422): 0.006582
(424,7): 0.001024
(424,91): 0.000510
(424,474): 0.001155
(425,259): 0.000441
(425,517): 0.000497
(426,186): 0.000162
(427,220): 0.002023
(428,220): 0.002435
(428,489): 0.002528
(429,142): 0.001247
(430,84): 0.000212
(430,440): 0.000261
(431,237): 0.000306
(431,240): 0.001566
(432,53): 0.001017
(432,126): 0.001521
(433,88): 0.000931
(433,297): 0.000614
(433,434): 0.000217
(434,237): 0.001662
(434,431): 0.001336
(434,433): 0.000217
(435,88): 0.002863
(436,108): 0.000779
(437,25): 0.000539
(437,100): 0.000399
(437,438): 0.000733
(438,32): 0.003154
(439,16): 0.000289
(439,439): 0.002984
(440,430): 0.000261
(441,17): 0.000580
(442,321): 0.001215
(442,443): 0.000412
(443,441): 0.000456
(443,442): 0.000412
(444,234): 0.000220
(444,445): 0.000708
(445,273): 0.001316
(445,444): 0.000708
(445,446): 0.000929
(446,233): 0.000254
(446,412): 0.002272
(447,321): 0.001163
(447,449): 0.000561
(448,447): 0.002046
(448,449): 0.001556
(449,412): 0.000473
(449,447): 0.000561
(450,451): 0.000213
(450,452): 0.001758
(451,450): 0.000213
(452,450): 0.001758
(452,453): 0.000161
(452,454): 0.002086
(453,226): 0.000886
(453,452): 0.000161
(453,455): 0.000510
(454,82): 0.000538
(454,226): 0.001184
(454,452): 0.002086
(455,453): 0.000510
(456,7): 0.001217
(457,182): 0.000358
(457,474): 0.002165
(458,262): 0.001074
(458,458): 0.001632
(459,262): 0.000979
(459,460): 0.000392
(460,459): 0.000392
(460,555): 0.000388
(461,112): 0.000471
(461,462): 0.000709
(462,93): 0.004681
(462,251): 0.001228
(462,461): 0.000709
(463,44): 0.002886
(463,102): 0.002441
(464,38): 0.000198
(464,216): 0.001229
(464,217): 0.000544
(465,212): 0.001280
(465,468): 0.000262
(466,467): 0.000689
(466,471): 0.000792
(468,465): 0.000262
(468,470): 0.001202
(469,468): 0.000361
(470,469): 0.000794
(470,472): 0.000420
(471,469): 0.000384
(472,466): 0.000525
(472,471): 0.000652
(473,295): 0.002209
(473,296): 0.000055
(474,113): 0.000057
(474,424): 0.001155
(474,456): 0.000249
(475,80): 0.001046
(475,306): 0.000486
(476,311): 0.000521
(476,477): 0.000348
(477,181): 0.000244
(477,311): 0.000853
(478,82): 0.002418
(478,150): 0.000251
(478,226): 0.002576
(479,480): 0.000559
(479,496): 0.001145
(480,497): 0.001579
(480,498): 0.000680
(481,482): 0.000662
(481,553): 0.000367
(482,58): 0.002026
(483,269): 0.000172
(484,84): 0.001588
(484,85): 0.000103
(484,273): 0.000966
(485,327): 0.000221
(485,486): 0.000448
(486,341): 0.000265
(486,485): 0.000448
(487,279): 0.001856
(487,488): 0.001200
(488,487): 0.001200
(489,428): 0.002528
(490,25): 0.000731
(490,438): 0.000342
(491,418): 0.000454
(492,350): 0.000228
(492,555): 0.000926
(493,31): 0.000932
(493,494): 0.000827
(494,493): 0.000827
(495,493): 0.001935
(496,497): 0.001113
(496,548): 0.001013
(497,58): 0.000800
(499,282): 0.001025
(500,207): 0.001391
(501,504): 0.000700
(501,516): 0.000147
(504,501): 0.000700
(504,518): 0.000075
(515,109): 0.001284
(515,516): 0.000146
(515,522): 0.000146
(516,501): 0.000147
(516,515): 0.000146
(517,518): 0.000137
(517,519): 0.000099
(518,110): 0.001121
(518,504): 0.000075
(518,517): 0.000146
(519,517): 0.000099
(519,522): 0.000679
(522,515): 0.000146
(522,519): 0.000679
(547,302): 0.000324
(548,58): 0.000732
(548,547): 0.001077
(549,117): 0.000714
(549,125): 0.000583
(550,125): 0.000288
(550,128): 0.000884
(550,552): 0.000361
(551,251): 0.000454
(551,359): 0.001166
(552,128): 0.000803
(552,550): 0.000361
(553,248): 0.000277
(553,482): 0.000492
(554,178): 0.000235
(554,200): 0.000330
(554,555): 0.000051
(555,460): 0.000388
(555,491): 0.003465
(555,554): 0.000051
(556,119): 0.000227

Origin:
59

Destinations:
357;90

Accident Update:
ACCIDENT_EDGE: (17,18)
SEVERITY: Moderate
MULTIPLIER: 1.3

Final Travel Time:
FINAL_TRAVEL_TIME: 0.006397 (0.004921 * 1.3)

