Nodes:
1: (110.342677,1.554579)
2: (110.342707,1.554290)
3: (110.344319,1.552891)
4: (110.345063,1.551701)
5: (110.342332,1.553228)
6: (110.342452,1.553220)
7: (110.342779,1.553140)
8: (110.343144,1.553032)
9: (110.343799,1.552887)
10: (110.342702,1.553287)
11: (110.342328,1.552823)
12: (110.342485,1.553332)
13: (110.342363,1.553355)
14: (110.339107,1.552874)
15: (110.340102,1.552966)
16: (110.339040,1.552572)
17: (110.341508,1.553123)
18: (110.342125,1.552680)
19: (110.341937,1.553297)
20: (110.340397,1.552498)
21: (110.340502,1.553007)
22: (110.344814,1.553439)
23: (110.341062,1.555236)
24: (110.343126,1.555098)
25: (110.342710,1.555330)
26: (110.343880,1.552881)
27: (110.340016,1.553707)
28: (110.339224,1.553732)
29: (110.340431,1.555275)
30: (110.340670,1.553574)
31: (110.341035,1.555123)
32: (110.340460,1.555385)
33: (110.339024,1.554071)
34: (110.339162,1.554643)
35: (110.340100,1.552619)
36: (110.344358,1.552866)
37: (110.342562,1.554147)
38: (110.342534,1.553617)
39: (110.339116,1.553119)
40: (110.339256,1.553989)
41: (110.339191,1.554982)
42: (110.339381,1.554662)
43: (110.339241,1.554974)
44: (110.340449,1.552654)
45: (110.344200,1.553426)
46: (110.344122,1.552567)
47: (110.343682,1.554854)
48: (110.343404,1.553968)
49: (110.343027,1.554140)
50: (110.342808,1.554241)
51: (110.341266,1.554914)
52: (110.341001,1.554980)
53: (110.342756,1.555223)
54: (110.342821,1.555347)
55: (110.344978,1.553317)
56: (110.341594,1.554332)
57: (110.342126,1.554601)
58: (110.342599,1.554274)
59: (110.341338,1.553481)
60: (110.341857,1.553962)
61: (110.342215,1.554162)
62: (110.342133,1.553920)
63: (110.341983,1.553513)
64: (110.340915,1.554615)
65: (110.341128,1.554556)
66: (110.341636,1.554743)
67: (110.340547,1.553744)
68: (110.340699,1.554306)
69: (110.340834,1.554272)
70: (110.341107,1.555439)
71: (110.340328,1.554883)
72: (110.340209,1.554918)
73: (110.340280,1.555186)
74: (110.339969,1.554572)
75: (110.340162,1.554739)
76: (110.340280,1.554702)
77: (110.339832,1.553585)
78: (110.339247,1.553173)
79: (110.339565,1.553183)
80: (110.339573,1.553103)
81: (110.339126,1.553192)
82: (110.341158,1.554673)
83: (110.340942,1.554727)
84: (110.340741,1.554556)
85: (110.340877,1.555020)
86: (110.340892,1.554517)
87: (110.340134,1.554152)
88: (110.340069,1.554289)
89: (110.339480,1.554420)
90: (110.339523,1.554579)
91: (110.340203,1.554413)
92: (110.339319,1.555005)
93: (110.340791,1.552089)
94: (110.341114,1.551979)
95: (110.341167,1.552193)
96: (110.340882,1.552047)
97: (110.340910,1.552208)
98: (110.341217,1.552191)
99: (110.341706,1.552279)
100: (110.341690,1.552645)
101: (110.342184,1.552441)
102: (110.344613,1.552176)
103: (110.341922,1.555198)
104: (110.339208,1.555038)
105: (110.340024,1.555492)
106: (110.342740,1.553276)
107: (110.342249,1.553897)
108: (110.342361,1.554211)
109: (110.342031,1.553632)
110: (110.340784,1.553160)
111: (110.340646,1.553474)
112: (110.340513,1.553613)
113: (110.342627,1.554390)
114: (110.342428,1.554325)
115: (110.342481,1.554464)
116: (110.341856,1.554832)
117: (110.342428,1.554861)
118: (110.341894,1.555031)
119: (110.343426,1.553900)
120: (110.343503,1.554132)
121: (110.343478,1.554090)
122: (110.343580,1.554596)
123: (110.343633,1.554571)
124: (110.343296,1.555033)
125: (110.343798,1.554492)
126: (110.340656,1.553145)
127: (110.340542,1.553147)
128: (110.343969,1.551219)
129: (110.343765,1.552883)
130: (110.340848,1.554330)
131: (110.340876,1.554447)
132: (110.345409,1.552399)
133: (110.345230,1.552616)
134: (110.345287,1.552852)
135: (110.344883,1.552053)
136: (110.345387,1.552351)
137: (110.344951,1.552557)
138: (110.344876,1.552553)
139: (110.345136,1.552604)
140: (110.345189,1.551381)

Landmarks:
19: Sarawak Art Museum
54: Padang Merdeka
101: Sarawak Islamic Heritage Museum
110: Heroes Monument
128: Sarawak Museum

Edges:
(1,53): 0.002083
(2,38): 0.002059
(2,50): 0.000331
(3,26): 0.001656
(3,36): 0.000171
(4,102): 0.002017
(4,135): 0.001464
(4,140): 0.001278
(5,13): 0.000389
(5,17): 0.002462
(6,5): 0.000358
(6,11): 0.001234
(7,6): 0.001249
(7,11): 0.001775
(8,7): 0.001412
(8,101): 0.003820
(9,26): 0.000299
(9,129): 0.000126
(10,106): 0.000147
(11,101): 0.001212
(12,6): 0.000345
(12,10): 0.000820
(13,12): 0.000368
(13,37): 0.002422
(14,16): 0.000861
(15,14): 0.002972
(16,14): 0.000861
(17,21): 0.003001
(18,5): 0.001738
(18,17): 0.002875
(18,100): 0.001214
(19,13): 0.001274
(19,37): 0.003330
(20,35): 0.002305
(20,100): 0.003617
(21,15): 0.001193
(21,44): 0.001010
(22,36): 0.002249
(22,55): 0.000692
(23,31): 0.000430
(23,70): 0.000770
(24,25): 0.001412
(24,50): 0.003225
(24,124): 0.000538
(25,24): 0.001412
(25,53): 0.000425
(25,54): 0.000414
(26,3): 0.001656
(26,9): 0.000299
(26,46): 0.001299
(27,28): 0.002203
(27,87): 0.001280
(27,112): 0.001405
(28,27): 0.002203
(29,71): 0.001125
(30,69): 0.002657
(30,111): 0.000380
(30,112): 0.000449
(31,23): 0.000430
(31,29): 0.001730
(31,52): 0.000546
(32,23): 0.001722
(32,29): 0.000316
(33,40): 0.000682
(34,33): 0.001635
(34,43): 0.000944
(35,15): 0.000963
(36,3): 0.000171
(36,135): 0.003599
(37,58): 0.000391
(38,10): 0.001120
(38,12): 0.000858
(39,80): 0.001357
(39,81): 0.000206
(40,28): 0.000721
(40,34): 0.002225
(42,43): 0.001287
(43,41): 0.000141
(43,42): 0.001287
(44,20): 0.000459
(44,35): 0.000973
(45,45): 0.001226
(45,119): 0.002691
(46,26): 0.001299
(47,123): 0.000886
(47,124): 0.001184
(48,49): 0.001329
(48,119): 0.000236
(48,121): 0.000423
(49,48): 0.001329
(49,50): 0.000726
(49,119): 0.001581
(50,2): 0.000331
(50,24): 0.003225
(50,49): 0.000726
(51,52): 0.000763
(51,66): 0.001166
(52,31): 0.000546
(52,51): 0.000763
(52,83): 0.000960
(52,85): 0.000364
(53,1): 0.002083
(53,25): 0.000425
(53,54): 0.000414
(54,25): 0.000414
(54,53): 0.000414
(55,22): 0.000692
(56,60): 0.001294
(56,65): 0.001718
(57,115): 0.001060
(57,116): 0.001163
(58,113): 0.000354
(58,114): 0.000496
(59,59): 0.003372
(59,60): 0.002493
(60,56): 0.001294
(60,59): 0.002493
(60,62): 0.000777
(61,62): 0.000708
(62,60): 0.000777
(62,61): 0.000708
(62,107): 0.000328
(62,109): 0.000851
(63,109): 0.000357
(64,83): 0.000430
(64,86): 0.000371
(65,64): 0.000614
(65,82): 0.000337
(66,51): 0.001166
(67,68): 0.003545
(67,112): 0.000377
(68,67): 0.001616
(68,69): 0.000389
(69,30): 0.002657
(69,68): 0.000389
(69,130): 0.000221
(70,23): 0.000770
(71,29): 0.001125
(71,72): 0.000343
(71,76): 0.000522
(72,71): 0.000343
(72,73): 0.000771
(72,75): 0.000516
(73,72): 0.000771
(74,75): 0.000967
(75,72): 0.000516
(75,74): 0.000967
(75,76): 0.000343
(76,71): 0.000522
(76,75): 0.000343
(76,91): 0.000830
(77,79): 0.002120
(78,79): 0.000884
(79,77): 0.002120
(79,78): 0.000884
(79,80): 0.000222
(80,79): 0.000222
(80,127): 0.002874
(81,39): 0.000206
(81,81): 0.005535
(82,56): 0.002736
(83,52): 0.000960
(83,64): 0.000430
(83,82): 0.000620
(84,85): 0.001342
(84,86): 0.000433
(85,84): 0.003209
(86,64): 0.000371
(86,131): 0.000265
(87,27): 0.001280
(87,91): 0.000752
(88,89): 0.001678
(89,87): 0.002134
(89,88): 0.001678
(89,90): 0.000458
(90,89): 0.000458
(90,92): 0.001666
(91,76): 0.000830
(91,87): 0.000752
(91,90): 0.001947
(92,104): 0.000321
(93,97): 0.000564
(94,95): 0.000613
(95,94): 0.000613
(95,97): 0.000716
(95,98): 0.000139
(96,97): 0.000454
(97,93): 0.000564
(97,95): 0.000716
(97,96): 0.000454
(98,95): 0.000139
(98,99): 0.001378
(99,98): 0.001378
(99,100): 0.001039
(100,18): 0.001214
(100,20): 0.003617
(100,99): 0.001039
(101,8): 0.003820
(102,4): 0.002017
(103,117): 0.002083
(103,118): 0.000473
(104,41): 0.000162
(105,32): 0.001247
(106,3): 0.005398
(106,9): 0.004195
(107,62): 0.000328
(107,108): 0.000928
(107,109): 0.001205
(108,107): 0.000928
(109,62): 0.000851
(109,63): 0.000357
(109,107): 0.001205
(110,19): 0.003443
(111,30): 0.000380
(111,110): 0.001271
(112,27): 0.001405
(112,30): 0.000449
(113,1): 0.000580
(114,57): 0.001215
(114,115): 0.000412
(115,113): 0.000456
(115,114): 0.000412
(116,57): 0.001163
(116,118): 0.000561
(117,116): 0.002046
(117,118): 0.001556
(118,103): 0.000473
(118,116): 0.000561
(119,45): 0.002691
(119,48): 0.000236
(119,49): 0.001581
(120,121): 0.000213
(120,122): 0.001758
(121,48): 0.000423
(121,120): 0.000213
(122,120): 0.001758
(122,123): 0.000161
(122,124): 0.002086
(123,47): 0.000886
(123,122): 0.000161
(123,125): 0.000510
(124,24): 0.000538
(124,47): 0.001184
(124,122): 0.002086
(125,123): 0.000510
(126,110): 0.000383
(127,111): 0.001274
(127,126): 0.000338
(128,129): 0.004787
(129,8): 0.002386
(129,128): 0.004787
(130,69): 0.000221
(130,131): 0.000448
(131,86): 0.000265
(131,130): 0.000448
(132,133): 0.000910
(132,136): 0.000148
(133,132): 0.000910
(133,134): 0.000748
(133,139): 0.000283
(134,133): 0.000748
(135,4): 0.001464
(135,36): 0.003599
(135,136): 0.001706
(136,132): 0.000148
(136,135): 0.001706
(137,138): 0.000232
(137,139): 0.000572
(138,137): 0.000232
(139,133): 0.000283
(139,137): 0.000572
(140,4): 0.001278

Origin:
128

Destinations:
54;101

Accident Update:
ACCIDENT_EDGE: (135,4)
SEVERITY: Severe
MULTIPLIER: 1.5

Final Travel Time:
FINAL_TRAVEL_TIME: 0.002195 (0.001464 * 1.5)

